232.31334244
271.18070732
311.15349921
349.04336518
380.88922606
402.65102308
411.19333149
405.20210691
385.60388544
355.26815434
318.14986550
278.28621955
239.03520948
202.72192205
170.64049916
143.25972724
120.48900831
101.91696093
86.98836421
75.11831677
65.75665649
58.41829240
52.69261356
48.24137287
44.79107906
42.12345111
40.06585007
38.48260222
37.26755567
36.33790954
35.62921075
35.09135763
34.68544005
34.38125822
34.15538350
33.98964755
33.86996734
33.78543257
33.72759704
33.68992866
33.66738234
33.65606830
33.65299431
33.65586523
33.66292714
33.67284601
33.68461322
33.69747200
33.71086012
33.72436530
33.73769039
33.75062642
33.76303150
33.77481454
33.78592256
33.79633090
33.80603564
33.81504782
33.82338893
33.83108757
33.83817681
33.84469232
33.85067090
33.85614947
33.86116423
33.86575025
33.86994101
33.87376824
33.87726176
33.88044948
33.88335731
33.88600930
33.88842763
33.89063274
33.89264340
33.89447682
33.89614877
33.89767364
33.89906459
33.90033361
33.90149163
33.90254860
33.90351360
33.90439486
33.90519989
33.90593551
33.90660791
33.90722273
33.90778509
33.90829965
33.90877065
33.90920192
33.90959696
33.90995895
33.91029079
33.91059510
33.91087427
33.91113048
33.91136571
33.91158177
33.91178028
33.91199329
33.91222236
33.91243863
33.91264369
33.91283908
33.91302623
33.91320651
33.91338126
33.91355177
33.91371929
33.91388508
33.91405038
33.91421645
33.91438456
33.91455601
33.91473214
33.91491438
33.91510418
33.91530312
33.91551285
33.91573515
33.91597194
33.91622528
33.91649741
33.91679079
33.91710807
33.91745216
33.91782627
33.91823388
33.91867886
33.91916544
33.91969829
33.92028253
33.92092380
33.92162834
33.92240297
33.92325520
33.92419330
33.92522630
33.92636409
33.92761749
33.92899825
33.93051912
33.93219387
33.93403730
33.93606519
33.93829424
33.94074192
33.94342626
33.94636551
33.94957769
33.95307985
33.95688719
33.96101172
33.96546061
33.97023379
33.97532089
33.98069718
33.98631815
33.99211246
33.99797258
34.00374271
34.00920281
34.01404791
34.01786094
34.02007752
34.01993995
34.01643737
34.00822794
33.99353775
33.97002967
33.93463367
33.88332788
33.81085736
33.71037539
33.57298992
33.38719785
33.13819316
32.80704519
32.36976738
31.79634249
31.04985421
30.08601449
28.85359264
27.29655732
25.35910541
22.99504864
20.18295067
16.94739939
13.38415170
9.68226307
6.13088303
3.09601483
0.95894809
0.02592152
0.44038956
2.13789627
4.86665135
8.26309333
11.94590965
15.59120732
18.97043528
21.95363150
24.49154072
26.59051666
28.28926041
29.64123879
30.70319747
31.52861938
32.16461854
32.65096011
33.02025699
33.29872869
33.50715861
33.66185376
33.77551342
33.85797203
33.91681274
33.95786261
33.98558614
34.00339475
34.01388820
34.01904215
34.02035311
34.01895036
34.01568216
34.01118200
34.00591954
34.00023977
33.99439302
33.98855797
33.98285928
33.97738116
33.97217760
33.96728031
33.96270470
33.95845442
33.95452482
33.95090554
33.94758243
33.94453905
33.94175765
33.93922002
33.93690798
33.93480383
33.93289052
33.93115193
33.92957285
33.92813913
33.92683761
33.92565615
33.92458358
33.92360967
33.92272503
33.92192113
33.92119016
33.92052503
33.91991929
33.91936708
33.91886307
33.91840242
33.91798074
33.91759403
33.91723865
33.91691129
33.91660894
33.91632884
33.91606846
33.91582548
33.91559778
33.91538337
33.91518044
33.91498727
33.91480227
33.91462393
33.91445082
33.91428157
33.91411487
33.91394941
33.91378396
33.91361726
33.91344806
33.91327512
33.91309714
33.91291283
33.91272082
33.91251969
33.91230797
33.91208409
33.91187689
33.91168479
33.91147575
33.91124819
33.91100037
33.91073038
33.91043613
33.91011531
33.90976538
33.90938356
33.90896679
33.90851170
33.90801457
33.90747135
33.90687752
33.90622818
33.90551787
33.90474064
33.90388990
33.90295843
33.90193829
33.90082073
33.89959616
33.89825404
33.89678280
33.89516973
33.89340096
33.89146124
33.88933396
33.88700096
33.88444246
33.88163696
33.87856117
33.87518988
33.87149598
33.86745038
33.86302210
33.85817830
33.85288452
33.84710492
33.84080279
33.83394119
33.82648386
33.81839652
33.80964855
33.80021534
33.79008133
33.77924400
33.76771915
33.75554769
33.74280457
33.72961017
33.71614515
33.70266947
33.68954695
33.67727674
33.66653386
33.65822113
33.65353597
33.65405608
33.66184950
33.67961603
33.71086893
33.76016869
33.83342365
33.93827707
34.08460560
34.28516125
34.55639853
34.91953941
35.40194357
36.03886862
36.87572535
37.97095573
39.39968393
41.25830721
43.67019543
46.79263320
50.82503610
56.01824151
62.68422379
71.20477198
82.03630372
95.70585635
112.79025902
133.86676444
159.42011923
189.69105036
224.45990227
262.78419740
302.75519819
341.39730307
374.86864581
399.06962657
410.58808622
407.66768600
390.76181107
362.38720014
326.35495610
286.76073688
247.14969417
210.07503748
177.03611011
148.65430381
124.93564318
105.51956313
89.86976830
77.40082821
67.55178306
59.82246383
53.78641377
49.09060475
45.44862430
42.63133585
40.45721314
38.78343219
37.49815661
36.51410338
35.76330524
35.19291579
34.76188655
34.43835445
34.19759832
34.02044587
33.89203440
33.80084809
33.73797044
33.69650403
33.67111992
33.65770781
33.65310416
33.65488080
33.66118055
33.67058931
33.68203641
33.69471712
33.70803218
33.72154081
33.73492401
33.74795609
33.76048250
33.77240257
33.78365616
33.79421332
33.80406630
33.81322338
33.82170416
33.82953596
33.83675110
33.84338484
33.84947384
33.85505504
33.86016488
33.86483868
33.86911028
33.87301180
33.87657347
33.87982360
33.88278853
33.88549268
33.88795864
33.89020720
33.89225748
33.89412701
33.89583185
33.89738667
33.89880489
33.90009873
33.90127935
33.90235690
33.90334063
33.90423894
33.90505949
33.90580924
33.90649452
33.90712106
33.90769411
33.90821841
33.90869828
33.90913765
33.90954007
33.90990880
33.91024679
33.91055671
33.91084100
33.91110189
33.91134140
33.91156137
33.91176346
33.91197973
33.91221172
33.91243056
33.91263786
33.91283517
33.91302394
33.91320557
33.91338138
33.91355267
33.91372072
33.91388678
33.91405208
33.91421788
33.91438545
33.91455608
33.91473111
33.91491193
33.91510001
33.91529688
33.91550419
33.91572368
33.91595724
33.91620690
33.91647487
33.91676354
33.91707553
33.91741370
33.91778118
33.91818141
33.91861815
33.91909557
33.91961823
33.92019115
33.92081987
33.92151049
33.92226970
33.92310488
33.92402410
33.92503625
33.92615103
33.92737905
33.92873186
33.93022201
33.93186304
33.93366954
33.93565709
33.93784219
33.94024218
33.94287498
33.94575885
33.94891189
33.95235142
33.95609313
33.96014984
33.96452991
33.96923502
33.97425728
33.97957541
33.98514960
33.99091486
33.99677222
34.00257727
34.00812509
34.01313067
34.01720328
34.01981308
34.02024769
34.01755556
34.01047234
33.99732523
33.97590883
33.94332438
33.89577227
33.82828517
33.73438708
33.60566127
33.43120964
33.19698834
32.88501282
32.47244621
31.93062477
31.22414866
30.31029201
29.13918547
27.65551082
25.80280435
23.53179449
20.81423779
17.66296409
14.15659449
10.46316274
6.85138960
3.67487305
1.31857337
0.11260488
0.24055677
1.68248137
4.22128225
7.50916292
11.16122781
14.83695742
18.28638509
21.35972639
23.99269494
26.18198200
27.96113214
29.38164275
30.50025548
31.37149534
32.04395874
32.55897577
32.95061958
33.24638378
33.46811871
33.63300105
33.75442611
33.84277835
33.90607163
33.95046815
33.98069198
34.00035488
34.01221088
34.01835415
34.02037214
34.01946378
34.01653060
34.01224676
34.00711294
34.00149769
33.99566922
33.98981971
33.98408401
33.97855389
33.97328902
33.96832526
33.96368104
33.95936217
33.95536551
33.95168173
33.94829736
33.94519632
33.94236107
33.93977345
33.93741525
33.93526861
33.93331636
33.93154214
33.92993058
33.92846727
33.92713886
33.92593300
33.92483831
33.92384436
33.92294160
33.92212131
33.92137554
33.92069706
33.92007928
33.91951622
33.91900245
33.91853302
33.91810345
33.91770966
33.91734795
33.91701493
33.91670754
33.91642295
33.91615860
33.91591213
33.91568137
33.91546431
33.91525910
33.91506401
33.91487741
33.91469778
33.91452368
33.91435373
33.91418659
33.91402098
33.91385563
33.91368930
33.91352073
33.91334869
33.91317188
33.91298902
33.91279875
33.91259967
33.91239032
33.91216913
33.91196500
33.91177629
33.91157095
33.91134744
33.91110406
33.91083892
33.91054998
33.91023497
33.90989142
33.90951658
33.90910747
33.90866076
33.90817285
33.90763972
33.90705698
33.90641980
33.90572285
33.90496028
33.90412565
33.90321187
33.90221116
33.90111495
33.89991383
33.89859747
33.89715452
33.89557253
33.89383787
33.89193560
33.88984940
33.88756145
33.88505231
33.88230087
33.87928421
33.87597753
33.87235413
33.86838535
33.86404058
33.85928737
33.85409158
33.84841764
33.84222897
33.83548860
33.82816006
33.82020849
33.81160236
33.80231554
33.79233028
33.78164090
33.77025882
33.75821899
33.74558831
33.73247646
33.71904993
33.70555010
33.69231648
33.67981661
33.66868445
33.65976971
33.65420115
33.65346788
33.65952378
33.67492157
33.70298520
33.74803142
33.81565487
33.91309505
34.04970878
34.23757880
34.49229782
34.83397812
35.28855098
35.88943645
36.67968421
37.71470826
39.06576116
40.82431210
43.10749917
46.06480158
49.88599308
54.81024053
61.13581714
69.22917871
79.53092176
92.55418858
108.86823772
129.05626728
153.63302353
182.90666885
216.77570153
254.47269741
294.30850142
333.52857747
368.43753060
394.91961591
409.33109917
409.49958825
395.39889445
369.15750031
334.39613301
295.23081034
255.37409466
217.60491975
183.63606358
154.25346181
129.57092233
109.28717917
92.89044730
79.79799249
69.43963668
61.30068611
54.93881592
49.98591201
46.14222775
43.16734563
40.87046103
39.10126154
37.74194458
36.70051583
35.90531043
35.30059200
34.84305956
34.49909751
34.24262257
34.05340437
33.91575851
33.81753103
33.74930978
33.70381233
33.67541065
33.65976203
33.65352240
33.65412338
33.65959895
33.66845058
33.67954219
33.69201843
33.70524097
33.71873892
33.73217018
33.74529140
33.75793458
33.76998890
33.78138661
33.79209214
33.80209361
33.81139633
33.82001787
33.82798416
33.83532667
33.84208016
33.84828111
33.85396649
33.85917289
33.86393589
33.86828969
33.87226678
33.87589780
33.87921145
33.88223451
33.88499179
33.88750626
33.88979908
33.89188972
33.89379603
33.89553438
33.89711972
33.89856573
33.89988487
33.90108852
33.90218704
33.90318985
33.90410553
33.90494190
33.90570606
33.90640445
33.90704294
33.90762688
33.90816110
33.90865001
33.90909762
33.90950756
33.90988315
33.91022740
33.91054303
33.91083255
33.91109821
33.91134207
33.91156602
33.91177175
33.91196083
33.91216530
33.91238677
33.91259638
33.91279568
33.91298613
33.91316915
33.91334608
33.91351822
33.91368685
33.91385323
33.91401858
33.91418417
33.91435126
33.91452114
33.91469512
33.91487461
33.91506103
33.91525591
33.91546087
33.91567763
33.91590806
33.91615414
33.91641805
33.91670215
33.91700899
33.91734138
33.91770239
33.91809540
33.91852410
33.91899257
33.91950527
33.92006713
33.92068359
33.92136060
33.92210474
33.92292323
33.92382399
33.92481574
33.92590800
33.92711118
33.92843664
33.92989669
33.93150469
33.93327498
33.93522296
33.93736493
33.93971807
33.94230020
33.94512954
33.94822427
33.95160193
33.95527865
33.95926798
33.96357938
33.96821614
33.97317269
33.97843096
33.98395553
33.98968740
33.99553561
34.00136648
34.00698931
34.01213793
34.01644638
34.01941747
34.02038158
34.01844313
34.01241097
34.00070780
33.98125268
33.95130881
33.90728679
33.84449151
33.75679814
33.63624084
33.47249643
33.25224706
32.95841267
32.56926127
32.05744009
31.38903662
30.52289153
29.41056740
27.99764544
26.22736839
24.04799799
21.42538800
18.36174236
14.91965478
11.24671346
7.59056558
4.29001293
1.72973665
0.25946151
0.10022140
1.27683826
3.60997459
6.77191259
10.37789577
14.07285138
17.58579550
20.74642853
23.47431525
25.75540019
27.61723013
29.10877173
30.28643537
31.20562659
31.91636685
32.46155263
32.87674768
33.19076117
33.42655306
33.60220894
33.73185394
33.82645060
33.89446621
33.94241622
33.97529852
33.99693636
34.01024667
34.01744886
34.02022648
34.01985209
34.01728354
34.01323804
34.00824908
34.00271018
33.99690848
33.99105050
33.98528186
33.97970243
33.97437787
33.96934850
33.96463596
33.96024840
33.95618432
33.95243549
33.94898917
33.94582973
33.94293987
33.94030149
33.93789635
33.93570650
33.93371459
33.93190411
33.93025943
33.92876597
33.92741014
33.92617938
33.92506212
33.92404772
33.92312646
33.92228945
33.92152857
33.92083645
33.92020637
33.91963223
33.91910848
33.91863007
33.91819244
33.91779142
33.91742323
33.91708442
33.91677186
33.91648268
33.91621426
33.91596420
33.91573029
33.91551050
33.91530293
33.91510584
33.91491758
33.91473661
33.91456146
33.91439074
33.91422312
33.91405729
33.91389199
33.91372597
33.91355798
33.91338677
33.91321108
33.91302960
33.91284101
33.91264391
33.91243686
33.91221831
33.91198664
33.91177073
33.91156902
33.91134949
33.91111045
33.91085007
33.91056634
33.91025703
33.90991973
33.90955174
33.90915012
33.90871165
33.90823275
33.90770952
33.90713765
33.90651238
33.90582852
33.90508033
33.90426148
33.90336504
33.90238337
33.90130808
33.90012995
33.89883883
33.89742361
33.89587207
33.89417085
33.89230528
33.89025936
33.88801557
33.88555484
33.88285641
33.87989775
33.87665448
33.87310028
33.86920692
33.86494419
33.86028002
33.85518061
33.84961065
33.84353376
33.83691297
33.82971161
33.82189438
33.81342886
33.80428761
33.79445079
33.78390981
33.77267201
33.76076673
33.74825332
33.73523137
33.72185403
33.70834511
33.69502116
33.68231981
33.67083616
33.66136962
33.65498391
33.65308423
33.65751623
33.67069325
33.69575975
33.73680145
33.79911563
33.88955901
34.01699566
34.19287392
34.43196955
34.75334296
35.18157125
35.74833210
36.49443569
37.47242262
38.74986870
40.41355794
42.57469423
45.37530671
48.99593506
53.66451317
59.66602623
67.35187736
77.14679526
89.54933111
105.11934084
124.44234663
148.05696606
176.32969887
209.26557651
246.26040882
285.83762359
325.46879027
361.62825117
390.22492120
407.42977122
410.68584307
399.48778631
375.54494363
342.24150067
303.67272313
263.69485755
225.30714285
190.44258534
160.06342886
134.40291741
113.22824616
96.05833188
82.31680741
71.42614224
62.85783487
56.15375090
50.93041567
46.87433771
43.73338162
41.30705632
39.43720481
37.99975984
36.89777206
36.05568339
35.41471228
34.92918310
34.56363210
34.29053933
34.08855829
33.94113781
33.83545074
33.76156214
33.71178343
33.68017107
33.66213725
33.65414743
33.65348534
33.65807011
33.66631411
33.67701221
33.68925563
33.70236474
33.71583684
33.72930537
33.74250830
33.75526336
33.76744896
33.77898926
33.78984267
33.79999289
33.80944209
33.81820558
33.82630780
33.83377925
33.84065415
33.84696874
33.85275995
33.85806451
33.86291826
33.86735573
33.87140977
33.87511143
33.87848983
33.88157214
33.88438358
33.88694752
33.88928548
33.89141729
33.89336112
33.89513365
33.89675014
33.89822450
33.89956946
33.90079661
33.90191652
33.90293880
33.90387222
33.90472473
33.90550358
33.90621535
33.90686604
33.90746108
33.90800542
33.90850356
33.90895958
33.90937719
33.90975978
33.91011040
33.91043187
33.91072671
33.91099723
33.91124553
33.91147354
33.91168299
33.91187546
33.91208299
33.91230718
33.91251916
33.91272051
33.91291272
33.91309719
33.91327530
33.91344835
33.91361761
33.91378436
33.91394983
33.91411526
33.91428193
33.91445111
33.91462411
33.91480231
33.91498714
33.91518011
33.91538280
33.91559692
33.91582430
33.91606690
33.91632685
33.91660648
33.91690828
33.91723503
33.91758973
33.91797568
33.91839652
33.91885622
33.91935918
33.91991022
33.92051467
33.92117836
33.92190774
33.92270988
33.92359256
33.92456432
33.92563451
33.92681334
33.92811197
33.92954250
33.93111808
33.93285284
33.93476195
33.93686153
33.93916858
33.94170082
33.94447641
33.94751356
33.95083004
33.95444234
33.95836467
33.96260749
33.96717562
33.97206563
33.97726243
33.98273475
33.98842917
33.99426231
34.00011056
34.00579667
34.01107219
34.01559463
34.01889757
34.02035182
34.01911476
34.01406443
34.00371391
33.98610008
33.95863942
33.91794170
33.85956980
33.77773209
33.66489094
33.51127011
33.30424405
33.02759807
32.66066226
32.17735321
31.54521486
30.72465190
29.66871431
28.32404114
26.63390422
24.54465396
22.01707645
19.04383043
15.67260441
12.03125180
8.34598228
4.93877109
2.19032868
0.46567018
0.02015695
0.92304337
3.03538114
6.05378005
9.59759732
13.29964040
16.86859010
20.11307713
22.93541567
25.30966908
27.25647608
28.82164977
30.06089729
31.03031503
31.78127673
32.35823973
32.79828687
33.13158517
33.38224902
33.56931454
33.70767292
33.80889495
33.88192593
33.93365414
33.96936674
33.99311057
34.00797487
34.01631154
34.01990586
34.02010837
34.01793657
34.01415327
34.00932674
34.00387698
33.99811122
33.99225121
33.98645402
33.98082814
33.97544563
33.97035154
33.96557098
33.96111460
33.95698266
33.95316815
33.94965913
33.94644047
33.94349514
33.94080514
33.93835222
33.93611835
33.93408602
33.93223853
33.93056007
33.92903582
33.92765199
33.92639579
33.92525546
33.92422017
33.92327999
33.92242588
33.92164955
33.92094348
33.92030082
33.91971534
33.91918138
33.91869378
33.91824789
33.91783946
33.91746463
33.91711988
33.91680202
33.91650813
33.91623553
33.91598178
33.91574464
33.91552202
33.91531203
33.91511286
33.91492286
33.91474047
33.91456421
33.91439267
33.91422451
33.91405840
33.91389310
33.91372733
33.91355986
33.91338944
33.91321480
33.91303466
33.91284769
33.91265250
33.91244768
33.91223169
33.91200293
33.91179027
33.91159214
33.91137651
33.91114174
33.91088603
33.91060741
33.91030371
33.90997253
33.90961126
33.90921701
33.90878661
33.90831658
33.90780306
33.90724185
33.90662829
33.90595727
33.90522318
33.90441982
33.90354039
33.90257741
33.90152265
33.90036706
33.89910072
33.89771270
33.89619105
33.89452264
33.89269310
33.89068670
33.88848627
33.88607306
33.88342669
33.88052500
33.87734401
33.87385782
33.87003859
33.86585654
33.86127998
33.85627546
33.85080797
33.84484129
33.83833854
33.83126290
33.82357866
33.81525266
33.80625619
33.79656754
33.78617540
33.77508328
33.76331529
33.75092365
33.73799846
33.72468025
33.71117627
33.69778132
33.68490470
33.67310474
33.66313313
33.65599196
33.65300680
33.65592067
33.66701466
33.68926293
33.72653197
33.78383690
33.86767125
33.98643154
34.15096419
34.37526989
34.67741101
35.08067974
35.61510024
36.31935687
37.24326140
38.45089562
40.02458662
42.06988490
44.72170685
48.15174861
52.57713674
58.26998335
65.56694891
74.87692689
86.68334277
101.53510134
120.01686967
142.68561302
169.95775175
201.93373312
238.16063176
277.36605572
317.24973314
354.47503225
385.01325989
404.89662567
411.21962318
403.00497630
381.51733114
349.85939736
312.06205695
272.09753200
233.17664385
197.45767765
166.09058094
139.44010234
117.35173744
99.38193286
84.96483905
73.51775287
64.49926406
57.43557866
51.92762229
47.64775203
44.33166612
41.76876097
39.79265969
38.27271397
37.10676013
36.21513817
35.53585554
35.02073133
34.63235129
34.34167892
34.12618947
33.96841666
33.85482266
33.77492061
33.72059319
33.68556380
33.66498587
33.65512384
33.65310525
33.65672801
33.66431039
33.67457434
33.68655459
33.69952788
33.71295785
33.72645208
33.73972870
33.75259035
33.76490399
33.77658517
33.78758587
33.79788508
33.80748156
33.81638821
33.82462783
33.83222986
33.83922789
33.84565784
33.85155660
33.85696101
33.86190713
33.86642980
33.87056224
33.87433590
33.87778030
33.88092302
33.88378972
33.88640412
33.88878814
33.89096195
33.89294408
33.89475151
33.89639978
33.89790308
33.89927439
33.90052553
33.90166728
33.90270944
33.90366095
33.90452994
33.90532379
33.90604923
33.90671236
33.90731873
33.90787340
33.90838095
33.90884555
33.90927099
33.90966072
33.91001786
33.91034527
33.91064553
33.91092101
33.91117385
33.91140600
33.91161923
33.91181517
33.91202584
33.91225281
33.91246724
33.91267071
33.91286473
33.91305073
33.91323007
33.91340408
33.91357404
33.91374121
33.91390685
33.91407219
33.91423849
33.91440702
33.91457911
33.91475609
33.91493940
33.91513051
33.91533101
33.91554257
33.91576698
33.91600619
33.91626229
33.91653756
33.91683445
33.91715569
33.91750421
33.91788326
33.91829640
33.91874754
33.91924097
33.91978142
33.92037411
33.92102476
33.92173968
33.92252582
33.92339079
33.92434297
33.92539152
33.92654649
33.92781881
33.92922041
33.93076418
33.93246405
33.93433499
33.93639291
33.93865465
33.94113778
33.94386040
33.94684075
33.95009674
33.95364523
33.95750099
33.96167543
33.96617475
33.97099752
33.97613145
33.98154912
33.98720239
33.99301498
33.99887277
34.00461117
34.00999847
34.01471431
34.01832135
34.02022860
34.01964348
34.01550948
34.00642515
33.99053881
33.96541207
33.92784325
33.87363971
33.79732571
33.69177014
33.54771672
33.35319953
33.09283080
32.74696020
32.29073074
31.69310807
30.91604990
29.91413316
28.63518649
27.02279314
25.02189381
22.58898362
19.70821817
16.41352774
12.81388535
9.11399068
5.61734619
2.69730100
0.72982904
0.00107597
0.62371814
2.50126093
5.35870515
8.82369579
12.51973608
16.13620211
19.46030749
22.37608150
24.84455123
26.87848035
28.51984620
29.82323310
30.84520568
31.63839692
32.24880827
32.71506474
33.06873148
33.33512193
33.53426520
33.68185581
33.79010417
33.86845916
33.92420238
33.96292649
33.98891459
34.00543811
34.01498912
34.01946053
34.02028538
34.01854440
34.01504865
34.01040326
34.00505631
33.99933636
33.99348127
33.98766033
33.98199116
33.97655265
33.97139491
33.96654676
33.96202153
33.95782138
33.95394062
33.95036819
33.94708952
33.94408788
33.94134542
33.93884390
33.93656520
33.93449168
33.93260646
33.93089353
33.92933787
33.92792545
33.92664329
33.92547939
33.92442275
33.92346325
33.92259165
33.92179953
33.92107921
33.92042368
33.91982660
33.91928219
33.91878520
33.91833086
33.91791484
33.91753321
33.91718238
33.91685909
33.91656036
33.91628347
33.91602593
33.91578545
33.91555993
33.91534742
33.91514610
33.91495430
33.91477043
33.91459299
33.91442057
33.91425180
33.91408537
33.91392000
33.91375443
33.91358743
33.91341773
33.91324409
33.91306522
33.91287981
33.91268648
33.91248381
33.91227031
33.91204440
33.91183492
33.91164029
33.91142849
33.91119791
33.91094679
33.91067319
33.91037498
33.91004982
33.90969514
33.90930812
33.90888565
33.90842430
33.90792031
33.90736955
33.90676747
33.90610905
33.90538879
33.90460062
33.90373788
33.90279322
33.90175859
33.90062511
33.89938306
33.89802173
33.89652939
33.89489316
33.89309895
33.89113132
33.88897342
33.88660684
33.88401155
33.88116577
33.87804592
33.87462651
33.87088011
33.86677735
33.86228692
33.85737575
33.85200912
33.84615104
33.83976471
33.83281322
33.82526052
33.81707278
33.80822014
33.79867918
33.78843606
33.77749071
33.76586233
33.75359647
33.74077428
33.72752441
33.71403844
33.70059063
33.68756350
33.67548053
33.66504825
33.65721033
33.65321690
33.65471367
33.66385633
33.68345758
33.71717603
33.76975923
33.84735632
33.95792051
34.11172746
34.32204297
34.60598313
34.98562173
35.48941487
36.15403040
37.02669061
38.16815960
39.65652852
41.59196748
44.10261011
47.35169495
51.54596926
56.94510345
63.87136819
72.71794251
83.95275208
98.11246809
115.77812489
137.52004957
163.79676144
194.79342682
230.19622043
268.92713059
308.91310973
347.02170531
379.32082882
401.75010946
411.09575901
405.92316043
387.03328814
357.20498001
320.35925958
280.55251810
241.19453282
204.67149447
172.33156273
144.68317453
121.66051528
102.86500339
87.74596554
75.71806574
66.22811305
58.78693680
52.97969310
48.46421191
44.96358576
42.25667057
40.16848725
38.56148143
37.32800723
36.38408642
35.66434314
35.11795518
34.70545114
34.39619469
34.16641799
33.99768923
33.87572077
33.78944340
33.73028749
33.69162508
33.66833658
33.65647436
33.65300120
33.65558707
33.66245094
33.67223779
33.68392271
33.69673634
33.71010676
33.72361419
33.73695577
33.74991815
33.76235612
33.77417607
33.78532317
33.79577136
33.80551573
33.81456660
33.82294497
33.83067910
33.83780188
33.84434887
33.85035685
33.85586272
33.86090278
33.86551214
33.86972440
33.87357138
33.87708302
33.88028732
33.88321033
33.88587618
33.88830717
33.89052382
33.89254501
33.89438803
33.89606872
33.89760155
33.89899974
33.90027535
33.90143938
33.90250182
33.90347179
33.90435759
33.90516674
33.90590611
33.90658193
33.90719987
33.90776507
33.90828222
33.90875557
33.90918899
33.90958600
33.90994978
33.91028325
33.91058905
33.91086959
33.91112704
33.91136341
33.91158050
33.91177997
33.91199385
33.91222369
33.91244063
33.91264629
33.91284219
33.91302976
33.91321040
33.91338543
